0
0.6649328794890428
17711.57443026635
1
0.804145791104142
17430.263532344157
2
0.6623704440279956
17748.57093962526
3
0.8164990247447126
17460.839818307
4
0.8140130798944429
17146.918656958824
5
0.8207060083374765
17370.82207343707
10
0.8225417829961372
17411.761750768386
15
0.8174934026848204
17352.163029208314
20
0.7447125865300035
17593.81798965109
25
0.6661949745668719
17754.985202173684
30
0.7513290243622596
17444.34410023909
35
0.8283168241098405
17168.304715058293
40
0.7577542356675718
17585.293465607643
45
0.8268252571996787
17363.06752422531
